0.48193 1.4192 1
0.47051 1.4737 1
-1.3098 -0.20078 1
-0.8338 0.27305 0
0.059329 -0.62357 0
0.57742 0.49929 0
0.44715 -0.62685 0
-0.032975 -0.55535 0
1.4282 0.36229 1
-0.035903 -1.2988 1
-0.67285 -1.435 1
1.1651 0.60195 1
0.20246 -0.62905 0
-1.02 -0.47967 1
-1.0909 0.43429 0
0.28003 -0.26653 0
0.49387 -0.6104 0
-0.18119 -1.4483 1
-0.42795 -0.072514 0
-0.4182 -0.33318 0
-0.51871 -0.10304 0
1.2792 1.1759 1
-0.41521 0.4109 0
-1.2563 -1.3334 1
-1.1931 -1.367 1
-0.067607 0.73496 0
0.36849 0.28155 0
-0.35411 0.47986 0
0.091873 0.96363 0
0.61179 -0.87662 1
-1.1058 -1.2786 1
1.2748 -0.55855 1
1.0806 1.4868 1
-0.97271 -0.10243 1
-0.53886 -0.69308 1
0.71492 -1.3237 1
0.87848 0.34113 0
0.31731 -1.2613 1
0.51391 -1.478 1
1.1144 0.48771 0
1.3278 -0.28556 1
1.0036 1.1359 1
-0.67051 -0.96685 1
0.61855 -0.44538 0
-1.1663 0.43751 1
1.1097 -0.73355 1
-0.74339 -0.36977 0
-0.064332 -0.049269 0
-0.61375 -0.89221 1
0.52471 0.56277 0
-0.49906 -0.95171 1
0.90945 0.85413 0
-1.2696 -0.99613 1
0.37373 0.76919 0
-0.066081 -1.4773 1
1.4173 0.42691 1
1.0851 -0.20833 1
0.50134 0.8869 0
-0.34871 -1.4722 1
-1.2212 1.3928 1
-1.4977 -0.75008 1
1.0443 1.4099 1
1.0056 1.0577 1
0.13615 -0.30384 0
1.1726 1.3422 1
-1.2178 0.53589 1
-1.4821 1.3874 1
0.74526 -0.98808 1
0.040775 0.4227 0
-0.37559 1.1881 0
0.080744 -0.81614 0
0.77063 -0.089449 0
-1.465 -0.13673 1
-0.97511 -1.3549 1
1.4881 -1.0362 1
-1.3407 -0.39228 1
0.9157 0.81046 0
-1.1956 0.6453 1
0.48315 0.52741 0
1.0313 1.3798 1
-1.178 1.2352 1
-1.3446 0.24882 1
-0.19277 -0.073639 0
0.82956 0.89895 0
-0.93153 0.46516 0
0.65746 0.15248 0
0.3706 0.65229 0
-1.3192 -0.65506 1
1.3512 -0.10068 1
1.1133 -0.14311 1
-1.3463 -0.87312 1
-0.80824 0.51157 0
0.93425 1.3113 1
-1.4159 -0.48629 1
0.36328 -0.43965 0
-0.59981 0.037739 0
-1.0654 0.50169 0
0.57878 -0.96731 1
1.2255 -1.1527 1
0.18139 -1.0506 1
0.32337 -0.93823 1
-0.086462 -0.72565 0
-0.94461 0.61911 0
0.29547 -0.36928 0
0.018532 -0.51815 0
-0.9982 -1.3013 1
-0.3435 -1.2533 1
0.88213 -0.97484 1
-0.13734 1.2713 1
-0.85855 1.3342 1
0.45672 -1.2179 1
0.17858 0.052006 0
-0.86347 1.3394 1
-0.41012 -1.2581 1
-0.7494 0.2478 0
1.156 0.96707 1
-1.0789 1.1335 1
0.46007 1.0596 0
1.431 0.24844 1
-0.60899 -0.86463 1
-0.44768 -0.86845 1
-0.61646 0.338 0
0.52092 0.97105 0
-0.94855 0.44985 0
-1.27 1.3087 1
-0.82102 -0.28748 1
1.461 1.0652 1
0.22278 1.0978 0
