0.48193 1.4192 1
0.47051 1.4737 1
-1.3098 -0.20078 1
-0.8338 0.27305 0
0.059329 -0.62357 0
0.57742 0.49929 0
0.44715 -0.62685 0
-0.032975 -0.55535 0
1.4282 0.36229 1
-0.035903 -1.2988 1
-0.67285 -1.435 1
1.1651 0.60195 1
0.20246 -0.62905 0
-1.02 -0.47967 1
-1.0909 0.43429 0
0.28003 -0.26653 0
0.49387 -0.6104 0
-0.18119 -1.4483 1
-0.42795 -0.072514 0
-0.4182 -0.33318 0
-0.51871 -0.10304 0
1.2792 1.1759 1
-0.41521 0.4109 0
-1.2563 -1.3334 1
-1.1931 -1.367 1
-0.067607 0.73496 0
0.36849 0.28155 0
-0.35411 0.47986 0
0.091873 0.96363 0
0.61179 -0.87662 1
-1.1058 -1.2786 1
1.2748 -0.55855 1
1.0806 1.4868 1
-0.97271 -0.10243 1
-0.53886 -0.69308 1
0.71492 -1.3237 1
0.87848 0.34113 0
0.31731 -1.2613 1
0.51391 -1.478 1
1.1144 0.48771 0
1.3278 -0.28556 1
1.0036 1.1359 1
-0.67051 -0.96685 1
0.61855 -0.44538 0
-1.1663 0.43751 1
1.1097 -0.73355 1
-0.74339 -0.36977 0
-0.064332 -0.049269 0
-0.61375 -0.89221 1
0.52471 0.56277 0
-0.49906 -0.95171 1
0.90945 0.85413 0
-1.2696 -0.99613 1
0.37373 0.76919 0
-0.066081 -1.4773 1
1.4173 0.42691 1
1.0851 -0.20833 1
0.50134 0.8869 0
-0.34871 -1.4722 1
-1.2212 1.3928 1
-1.4977 -0.75008 1
1.0443 1.4099 1
1.0056 1.0577 1
0.13615 -0.30384 0
1.1726 1.3422 1
-1.2178 0.53589 1
-1.4821 1.3874 1
0.74526 -0.98808 1
0.040775 0.4227 0
-0.37559 1.1881 0
0.080744 -0.81614 0
0.77063 -0.089449 0
-1.465 -0.13673 1
-0.97511 -1.3549 1
1.4881 -1.0362 1
-1.3407 -0.39228 1
0.9157 0.81046 0
-1.1956 0.6453 1
0.48315 0.52741 0
1.0313 1.3798 1
-1.178 1.2352 1
-1.3446 0.24882 1
-0.19277 -0.073639 0
0.82956 0.89895 0
-0.93153 0.46516 0
0.65746 0.15248 0
0.3706 0.65229 0
-1.3192 -0.65506 1
1.3512 -0.10068 1
1.1133 -0.14311 1
-1.3463 -0.87312 1
-0.80824 0.51157 0
0.93425 1.3113 1
-1.4159 -0.48629 1
0.36328 -0.43965 0
-0.59981 0.037739 0
-1.0654 0.50169 0
0.57878 -0.96731 1
1.2255 -1.1527 1
0.18139 -1.0506 1
0.32337 -0.93823 1
-0.086462 -0.72565 0
-0.94461 0.61911 0
0.29547 -0.36928 0
0.018532 -0.51815 0
-0.9982 -1.3013 1
-0.3435 -1.2533 1
0.88213 -0.97484 1
-0.13734 1.2713 1
-0.85855 1.3342 1
0.45672 -1.2179 1
0.17858 0.052006 0
-0.86347 1.3394 1
-0.41012 -1.2581 1
-0.7494 0.2478 0
1.156 0.96707 1
-1.0789 1.1335 1
0.46007 1.0596 0
1.431 0.24844 1
-0.60899 -0.86463 1
-0.44768 -0.86845 1
-0.61646 0.338 0
0.52092 0.97105 0
-0.94855 0.44985 0
-1.27 1.3087 1
-0.82102 -0.28748 1
1.461 1.0652 1
0.22278 1.0978 0
0.015558 -0.90833 0
0.97963 0.55031 0
0.13887 0.63413 0
-0.14695 0.54523 0
-0.76247 1.0346 0
0.15758 -0.90575 1
-1.2285 -0.43357 1
1.243 0.001505 1
1.4215 0.15538 1
1.0651 -0.55556 1
-0.22207 1.168 0
-0.924 1.4636 1
1.4416 -1.1298 1
1.2992 0.25708 1
0.31113 -0.13132 0
-1.0424 -0.75453 1
-0.9282 1.0623 0
0.13674 0.92939 0
1.2387 -0.13589 1
0.28114 0.28799 0
0.13942 -0.96328 1
-0.52608 0.95342 0
-0.54171 -1.4017 1
-1.1877 -1.3562 1
0.89725 0.14754 0
1.4013 -1.2031 1
-0.00579 -1.0814 1
-0.054486 -1.0779 1
0.095419 -1.4069 1
1.4425 -0.55062 1
-1.1512 -0.52486 1
0.12165 -0.33934 0
-1.0552 -0.59108 1
0.031562 -1.4925 1
-0.74143 -0.78183 1
1.3806 0.51705 1
-0.6211 -0.15287 0
-1.2122 -1.4151 1
-0.70426 0.60036 0
-0.78519 0.73243 0
1.4793 1.054 1
-0.35594 -0.49015 0
0.88793 -1.3759 1
0.22018 1.34 1
-0.89165 1.1025 0
-0.83802 -1.0613 1
0.40548 1.3874 1
-0.314 0.11201 0
1.1663 -1.3911 1
0.93972 -1.2637 1
-0.81092 -0.50205 1
0.49395 0.32624 0
0.71788 0.13925 0
-0.82246 0.55478 0
1.499 0.036682 1
0.006204 -0.35596 0
-1.0171 -1.0715 1
1.1941 -1.2425 1
0.60696 -0.83049 1
1.2551 -0.33086 1
0.85064 -0.087918 0
1.0543 -0.073885 1
0.97387 1.354 1
0.32235 0.55687 0
-0.86457 0.75707 0
-0.054435 -0.42695 0
-0.53556 -0.73073 1
0.79209 -0.19478 0
0.000956 1.3803 1
-1.159 0.76193 1
1.4112 -1.1464 1
-1.4858 0.5057 1
0.43818 0.89142 0
-0.6015 0.75819 0
-1.3625 -1.0875 1
-0.79246 1.3266 1
-0.13113 -0.37739 0
0.30047 -0.21946 0
-1.4752 0.42254 1
-0.63544 -0.6059 1
-0.53905 -0.064587 0
-0.59404 -0.16171 0
0.010031 0.83909 0
-0.87031 -0.41313 1
-0.70791 -0.1361 0
-1.2168 -0.16489 1
-1.0954 -0.73667 1
-0.048628 -1.3258 1
0.95875 0.41992 0
1.3354 1.0357 1
-0.91646 -0.78685 1
0.52079 1.3408 1
0.41319 -1.1666 1
-0.89721 1.0384 0
-0.054588 0.44938 0
0.044245 0.4177 0
0.70359 -0.29332 0
0.48991 0.74548 0
0.35569 0.76666 0
0.1599 0.67585 0
-0.86766 -0.48809 1
1.2849 -1.0249 1
0.078937 1.062 0
1.409 1.4626 1
1.3789 0.8732 1
1.4546 -0.43835 1
0.7203 -1.1478 1
-0.47826 -0.47338 0
-0.24949 -0.37699 0
0.39479 0.5517 0
1.0664 -0.043102 1
0.47137 -0.11704 0
0.82285 -0.035222 0
-1.3448 0.86244 1
1.3104 -1.4453 1
0.31931 -0.96301 1
1.0312 -0.90938 1
-0.48389 1.3314 1
-1.3873 0.36978 1
-0.83503 -1.1415 1
-0.92361 -1.323 1
0.26905 -0.005826 0
0.25973 1.226 1
-1.0251 0.57463 0
1.3257 -0.46426 1
0.44083 0.39572 0
-0.77916 -0.59235 1
0.12391 -0.40676 0
1.0857 -0.013464 1
-0.9754 -0.5951 1
0.37944 0.30824 0
-0.73694 0.28792 0
-0.071046 0.75905 0
-0.14738 0.44467 0
-0.72211 -1.1746 1
-1.2425 -1.0095 1
0.22323 -0.99469 1
0.40838 1.0567 0
-0.58055 0.7634 0
0.25723 -0.86097 1
1.0919 -0.66058 1
-0.18325 0.74102 0
-0.55696 -0.39333 0
-0.039203 0.81315 0
-0.90822 -0.32644 1
0.97666 0.69381 0
0.99224 0.3235 0
0.62602 -0.8975 1
0.10954 1.2607 1
0.66679 0.89924 0
0.37421 -0.7185 1
-0.82676 0.74433 0
-1.3894 -1.2194 1
1.0002 1.2945 1
0.97133 -0.32223 1
-0.6225 -0.6206 1
-0.69117 1.197 0
0.50823 -0.29326 0
1.3477 0.41887 1
-0.50918 -0.8602 1
-1.3703 -0.83662 1
-0.41235 0.51362 0
-1.219 -0.70486 1
0.62081 0.12874 0
1.0587 1.2995 1
-0.42913 0.77616 0
1.1842 0.71454 1
0.88515 -1.0477 1
0.86768 0.046774 0
-0.33747 -0.13117 0
0.12183 0.38639 0
-1.3666 -0.79038 1
-0.75953 0.92173 0
1.1867 1.458 1
1.2592 -0.88853 1
-0.9827 0.78769 0
0.90012 -1.1975 1
-1.0528 -0.058708 1
-0.88955 1.3676 1
0.031741 -1.0872 1
-1.2953 -0.61887 1
-1.1208 -0.72377 1
-0.45934 -0.77328 1
-0.4649 -1.2953 1
-0.097362 -0.62852 0
-1.1631 0.57856 1
-0.66837 -0.86621 1
-0.50299 -0.44149 0
-0.44206 0.93666 0
-0.38461 0.20471 0
-0.34453 -1.4025 1
-0.062433 -0.77091 0
-0.41136 0.56555 0
1.1738 -0.75712 1
0.05842 -1.0518 1
0.11129 -1.312 1
-1.3824 -0.76275 1
0.99648 -1.1098 1
0.54387 -0.5612 0
-0.20429 0.94388 0
-1.3763 -1.3522 1
-0.32402 1.1814 0
0.42023 -0.95707 1
0.8957 -0.2339 1
1.054 -1.2156 1
-1.4704 -0.17311 1
0.52604 0.44034 0
-0.30422 1.1389 0
-0.078878 0.1159 0
-0.43446 1.3883 1
-0.96669 1.3059 1
-0.31367 -0.051641 0
-0.73466 0.41012 0
0.17494 0.76612 0
1.058 -0.78283 1
-0.70678 1.0654 0
0.53289 1.4766 1
-0.87192 0.87074 0
-0.90975 -1.0502 1
1.2673 -0.048741 1
0.24117 -0.93736 1
1.3363 0.62194 1
0.056257 1.4854 1
1.0542 -1.1506 1
0.69261 1.4426 1
-0.71784 1.1785 0
-0.86291 0.9791 0
-1.0461 -0.86197 1
0.50452 -0.64845 1
-0.31972 0.032118 0
-0.9923 -0.743 1
1.3442 -0.50971 1
0.225 -1.2944 1
1.3258 0.9717 1
-0.29658 -1.2422 1
-0.19517 0.087623 0
-0.41924 -0.14315 0
1.4084 0.51109 1
-1.3832 -0.92692 1
1.3141 -0.42419 1
0.40287 -0.082463 0
0.86961 -0.5493 1
0.56701 -1.2879 1
0.6802 -1.365 1
-0.56203 -0.095686 0
0.25145 1.2203 1
0.76614 0.43284 0
1.0442 -0.29058 1
-1.3536 1.2628 1
-0.62249 -0.23989 0
0.35079 0.7607 0
-0.28965 0.56885 0
1.1946 -0.15585 1
0.64078 -0.79627 1
1.0757 1.4296 1
-0.2609 -0.31035 0
-0.70205 -0.64825 1
0.591 -0.3474 0
0.68697 -1.001 1
1.0258 0.13947 0
-1.2554 -0.017671 1
0.35625 -0.007244 0
1.0212 -0.92746 1
0.027798 1.4905 1
0.27126 -1.4673 1
0.62002 1.2789 1
-0.92674 -0.7331 1
-0.89967 0.37497 0
0.4582 -1.3024 1
0.99567 0.27335 0
-0.007343 0.95198 0
-1.131 1.41 1
-0.20134 -0.93743 1
0.51882 0.95393 0
0.75825 1.2135 1
0.99356 -0.097383 1
-1.2202 -0.64322 1
1.3751 0.37033 1
-0.73076 1.0212 0
-0.23211 -1.4003 1
1.2209 1.3414 1
-0.19432 -1.2164 1
-0.4177 1.0818 0
0.1262 0.50291 0
-0.56904 -0.5628 1
0.46878 1.4758 1
0.12486 -1.0994 1
-1.1111 1.0185 1
0.20662 0.21938 0
0.083902 -0.60105 0
0.74649 -0.85652 1
0.38573 1.1346 0
0.33541 1.4342 1
-0.54492 1.4657 1
-0.38723 1.1201 0
0.48318 0.40663 0
-1.3764 0.54342 1
-0.42381 0.65135 0
0.33265 -1.0626 1
0.91695 -1.3094 1
-1.2812 0.31084 1
-0.14778 0.9677 0
-1.3856 0.83916 1
0.50527 -1.0255 1
0.23187 1.2271 1
0.041422 0.84164 0
1.4506 -1.2765 1
0.3474 -1.4439 1
0.81988 -1.4349 1
0.32184 -0.53414 0
-1.2247 0.60618 1
-0.72364 -1.4481 1
1.3535 -0.1349 1
-0.85387 1.1893 1
-1.4571 -1.3527 1
-1.0457 0.91066 0
-0.096052 -1.2604 1
0.28841 -0.032521 0
0.25748 0.55028 0
0.84072 0.87562 0
-1.1469 -0.51693 1
0.59242 1.1435 0
1.3569 -0.29131 1
0.8626 0.049197 0
-1.2236 -0.92463 1
-1.1572 -0.61101 1
-0.91832 1.1397 1
-0.53878 1.188 0
-0.63103 1.196 0
0.7217 -1.2832 1
-0.30877 1.2883 1
0.85743 -1.0612 1
-0.24694 -0.033757 0
-0.004355 -0.87349 0
0.37641 -0.51444 0
0.74994 -0.93998 1
-0.25223 -1.3974 1
0.68723 0.69906 0
0.54595 0.17632 0
0.38064 0.60569 0
1.027 -1.4448 1
1.1996 1.236 1
1.2974 0.88951 1
-0.32825 -1.4652 1
0.99607 0.61588 0
-1.3469 -1.4616 1
-0.27237 0.55946 0
-1.0171 1.0333 1
0.48382 -0.98339 1
0.009838 1.0635 1
1.2898 -1.1471 1
0.19051 0.51636 0
-0.8898 -0.094806 0
0.17273 -0.9525 1
-0.72468 -0.40959 1
1.154 -0.56886 1
-0.38881 -0.2125 0
0.59037 1.2854 1
0.53962 1.0426 0
1.4674 -1.3815 1
-0.91893 -0.91244 1
-0.16129 -1.2871 1
0.31447 0.55018 0
-0.2235 1.4873 1
-0.57353 1.1372 0
-1.2981 -1.2233 1
0.7467 1.2331 1
-0.75672 -0.94973 1
1.1344 -1.3748 1
-0.17404 0.094103 0
0.17945 0.13764 0
1.0623 -1.2231 1
-0.4517 -1.005 1
1.1357 0.35923 1
-1.1371 -1.1716 1
-0.95282 0.75902 0
0.66188 -0.91091 1
-0.7274 0.70649 0
0.21747 0.12713 0
0.12589 0.52412 0
-0.24287 -1.3208 1
0.72924 0.72992 0
0.47348 0.84836 0
-1.2307 1.0458 1
-1.2329 1.2842 1
0.80671 0.38756 0
0.12467 -0.55262 0
0.67015 0.50468 0
0.22633 0.96268 0
0.66825 0.83846 0
-0.87698 -0.52943 1
-1.4971 0.87472 1
0.34617 1.3473 1
1.1186 0.34806 0
-0.15098 -0.55341 0
-0.90837 0.79753 0
0.82583 0.53755 0
-0.59219 -0.37261 0
0.049088 -0.92504 0
0.56499 -1.0608 1
-1.2233 -0.71652 1
-0.58312 0.49973 0
-0.32609 0.10661 0
-0.26099 -1.1758 1
0.47406 -0.24872 0
-0.89372 -1.2784 1
-0.16516 -1.1081 1
-0.024146 -1.4251 1
0.9834 -1.2106 1
1.1081 -1.0673 1
1.0875 -1.0375 1
-0.78924 0.43333 0
-0.79768 -1.2365 1
0.40349 0.25792 0
0.53612 -1.0972 1
0.20597 0.63014 0
-0.67407 -0.71273 1
1.1851 1.2473 1
-0.81893 0.89625 0
-1.3608 0.29388 1
1.1064 -0.16099 1
0.41553 1.3703 1
-0.68224 -0.58087 1
-0.51527 -1.4573 1
-0.3754 0.24516 0
-0.021289 -0.4896 0
1.3414 -1.3926 1
-0.14327 -0.99965 1
-1.2748 -0.69263 1
1.0486 -0.2985 1
0.86315 0.046766 0
1.2831 1.0123 1
-0.37618 0.69194 0
1.4993 0.44754 1
0.34346 1.2603 1
-0.38883 0.76175 0
0.75421 1.2887 1
1.0239 0.99162 1
-0.40372 0.78268 0
1.1947 0.10242 1
-0.90833 0.77929 0
0.82914 0.51465 0
-0.32571 -0.052991 0
-0.34754 1.1834 0
-0.47918 -1.076 1
-0.45031 -1.4912 1
-1.4903 0.52653 1
-0.22742 1.0861 0
-0.90376 -1.4961 1
0.37548 -0.70641 1
-1.0853 1.2669 1
-0.8131 0.85225 0
0.5754 0.90205 0
-0.66755 -0.42106 0
-0.3188 -0.34613 0
-1.0827 1.0898 1
-0.16151 -0.61649 0
-0.51197 1.3876 1
1.3185 1.4771 1
0.86277 -0.85649 1
0.18206 1.1404 0
-0.56758 1.2092 0
0.33104 0.76916 0
-0.18413 1.2726 1
-0.33629 -1.1558 1
-0.75738 0.19025 0
0.38041 -0.22422 0
0.93369 -0.13569 1
-1.0954 -0.73017 1
-0.92851 -1.4055 1
-0.40235 -0.49547 0
1.2644 -0.11654 1
-1.1922 -0.52414 1
-0.99283 0.75295 0
0.96769 -1.1909 1
1.4938 -0.75335 1
-0.82714 0.42847 0
0.88329 1.3943 1
-0.96968 -0.5319 1
0.99426 -0.037194 1
1.2566 1.303 1
0.67275 -0.075949 0
0.14357 -1.3734 1
-0.12749 -1.0766 1
-0.57293 -0.6851 1
-0.077044 -0.53728 0
1.1274 -1.3772 1
1.0568 -0.97671 1
0.02571 -0.13299 0
0.43585 1.1755 0
-0.18604 -1.2772 1
-0.76412 1.2954 1
0.54078 -0.381 0
-0.82689 0.073159 0
-1.2719 -0.83997 1
-0.4369 0.80759 0
-0.61145 -1.0019 1
0.95371 0.16393 0
0.68772 -0.94034 1
-0.14854 -0.45962 0
0.49569 -1.3979 1
1.1228 -1.4053 1
-0.42272 -0.74829 1
1.219 1.2479 1
-0.30335 -0.69356 0
-0.30581 0.058751 0
1.2788 -0.28093 1
-0.68538 -0.86824 1
-0.55287 0.56103 0
-0.50711 -0.18053 0
1.2092 -0.99969 1
-0.72877 0.61769 0
-1.1865 -1.3081 1
-1.313 0.85144 1
-1.2109 -0.94029 1
-0.067672 0.53943 0
1.4639 0.11177 1
1.0161 -0.84483 1
0.72846 -0.58278 1
-1.2251 0.025147 1
-0.55704 -0.57391 1
1.2782 0.86648 1
-0.93163 -1.4176 1
-1.2889 0.97983 1
-0.13685 -1.4162 1
-0.18215 1.2455 1
-0.99891 -0.65872 1
-1.1956 -1.2076 1
0.93124 -1.4288 1
0.9118 -0.55494 1
-0.092808 0.89256 0
-0.090625 -1.0571 1
-0.66106 -1.1754 1
1.0225 -0.091575 1
0.56915 -0.3489 0
1.3779 1.2732 1
-1.2761 0.85824 1
0.6501 -1.1807 1
1.1952 -1.0709 1
0.27463 1.0106 0
-0.81549 0.80431 0
-1.1487 0.4639 1
0.065277 -0.37769 0
0.8976 -1.1738 1
0.44122 -0.83141 1
-0.14916 1.4012 1
0.024432 1.374 1
-0.84044 -1.1971 1
0.92581 0.7049 0
1.4593 0.92888 1
-0.094356 -1.4856 1
-1.3522 -1.3889 1
-0.6737 -0.1904 0
1.0576 0.18535 0
-0.62206 0.46411 0
1.0023 1.0885 1
0.95366 -1.3995 1
1.0957 -1.283 1
1.0428 -0.21217 1
-0.40941 -1.4013 1
-1.3378 -0.68119 1
0.23882 -0.60401 0
0.59362 0.80295 0
0.9635 0.75562 0
-0.7681 -0.91426 1
-0.57932 -1.1689 1
-0.9491 0.94226 0
1.3973 0.82931 1
-0.35246 -0.11449 0
-0.4471 -0.055791 0
-0.25705 0.078034 0
0.15284 -0.66579 0
1.1604 -1.4787 1
0.038082 -0.47986 0
0.059184 -1.3547 1
-0.46904 -0.80432 1
-0.6195 0.34863 0
-1.4616 0.48489 1
-0.31746 -1.4026 1
1.0445 -0.32931 1
-0.040697 0.3011 0
0.42097 1.1805 0
1.3849 0.24738 1
0.96372 0.28002 0
-0.29122 1.2186 1
0.51924 -0.3107 0
1.4268 -0.71493 1
-0.82141 1.0742 0
-0.091987 -1.0517 1
-1.2529 -0.14012 1
-0.36407 1.4825 1
0.89289 0.19842 0
0.23388 0.23052 0
-0.59746 0.50109 0
-1.1725 0.92662 1
-0.44073 -1.0911 1
0.46633 -0.87127 1
-0.12697 -1.3582 1
1.418 0.57264 1
-0.23636 -0.49963 0
0.99392 1.2518 1
-0.95677 -0.41939 1
-0.25242 -0.57991 0
1.2804 -0.5247 1
0.71108 -0.16786 0
0.26111 0.99088 0
0.24042 -0.68942 0
-0.71082 -0.65224 1
-0.39234 -1.2376 1
-0.87211 -0.25777 1
-0.59618 -0.69065 1
-1.2703 0.65367 1
-0.9272 1.1482 1
-0.43652 -0.77607 1
0.67485 -0.49988 1
1.4087 0.93338 1
1.1774 -1.2065 1
-1.2119 -1.1981 1
-0.7912 1.1889 1
1.1952 -0.77285 1
0.39172 1.0025 0
-0.41023 -0.36507 0
-1.0607 0.90669 1
1.4071 -0.23379 1
0.083725 0.47662 0
-0.94982 -0.1628 1
0.86802 0.47282 0
1.4694 -0.33029 1
0.45645 0.84398 0
-0.38034 -0.68338 0
-1.1358 0.33784 1
1.3049 -1.2445 1
-0.71544 0.55799 0
-1.4795 -0.83536 1
-1.45 1.3124 1
-0.59285 0.10818 0
-1.1849 0.24966 1
1.2154 1.4592 1
1.2062 1.422 1
0.42382 0.077322 0
1.4751 0.39758 1
-0.69313 -1.2595 1
-0.30032 -1.416 1
1.1297 0.52071 0
1.1169 -0.7458 1
-0.35391 1.3935 1
-0.071729 0.9385 0
1.4005 -0.50163 1
0.24889 0.52999 0
1.4727 -1.1924 1
0.98145 0.93029 0
0.011883 0.68283 0
0.70464 0.11239 0
1.1447 0.038882 1
0.33609 -0.2438 0
0.24982 -1.1864 1
-0.068491 -0.56403 0
-0.38405 -1.34 1
-0.085352 -0.24162 0
0.16458 -0.47028 0
-0.27329 -1.0606 1
1.1586 0.96432 1
0.88114 0.6507 0
-0.42949 0.99214 0
0.4766 -0.23908 0
-0.27626 1.2009 1
1.4727 0.87779 1
-0.6485 1.0651 0
-1.3109 -1.0735 1
-0.6988 -1.2893 1
0.74565 1.2615 1
-0.28487 -0.20905 0
1.1632 1.4627 1
1.1991 1.4464 1
-0.85242 0.044178 0
-1.1196 -1.1391 1
-0.17688 1.1105 0
1.0744 -1.2882 1
-1.4905 0.83821 1
-0.15445 -0.97456 1
0.594 -0.9927 1
-1.1646 -0.52003 1
0.19569 1.014 0
-0.24752 0.19352 0
-0.56443 0.19176 0
-0.46345 -0.67656 1
-0.5243 -1.4766 1
-0.74892 1.0783 0
0.9466 1.4537 1
0.4438 0.68241 0
1.2821 -0.87913 1
-0.7824 0.98603 0
-1.3406 -0.86716 1
-1.4129 -0.075864 1
-1.4433 0.83116 1
-0.84395 1.1553 1
1.1437 -0.945 1
0.33687 -0.68551 0
1.4016 -0.61386 1
-0.38944 -0.49634 0
0.40318 0.71344 0
-0.45537 1.0126 0
-0.34599 -0.47345 0
1.4678 -1.3245 1
0.72667 -0.18644 0
0.21896 -1.0232 1
-1.1053 0.67509 0
1.0807 0.006572 1
-1.202 0.17838 1
1.3065 -0.98303 1
-1.4302 -0.75928 1
0.72952 -0.93998 1
-1.4576 -1.3852 1
-0.12697 -0.32315 0
-1.407 0.10921 1
-0.31047 -0.85136 1
1.3149 -0.004566 1
0.081443 -0.29535 0
0.80527 1.373 1
-1.1858 1.1724 1
0.93187 1.2057 1
0.89545 1.0179 0
-0.74209 -0.4029 1
1.2284 -0.55694 1
0.43349 0.47181 0
1.2835 -0.95673 1
1.3974 0.60082 1
-0.27593 -0.076978 0
0.78469 -0.33093 1
-0.98308 -0.96913 1
0.098591 0.81809 0
-1.0994 0.28988 0
0.27852 1.4307 1
-0.11786 0.35003 0
0.56335 -0.63127 1
1.1967 1.2907 1
-1.0503 -0.038712 1
0.15745 0.56841 0
-0.53061 -0.58396 1
0.80579 1.1888 1
0.45957 -0.5832 0
-0.26709 0.91124 0
-1.3292 -0.88405 1
1.1448 -0.36845 1
0.70365 -1.3625 1
-0.068254 -1.0727 1
0.88781 -0.99531 1
1.2036 1.0985 1
0.37211 1.3777 1
1.0487 0.84289 0
-1.2289 -0.027202 1
0.72907 -1.4808 1
1.4268 0.86455 1
-0.50099 0.91153 0
-1.0152 1.2394 1
-1.1697 1.1145 1
0.91754 -0.10738 0
-0.099334 -1.3187 1
0.10553 0.74141 0
0.018701 -0.23923 0
-0.75117 -0.7328 1
1.1855 -1.4777 1
1.0617 1.4659 1
0.27402 -1.4174 1
-0.55904 -1.2408 1
-1.3048 0.48047 1
0.43465 -1.3082 1
0.7463 -0.096358 0
-0.4241 -0.87825 1
0.39761 1.4915 1
-0.93751 0.15468 0
1.3386 1.1929 1
-0.92529 -0.14305 1
0.393 -1.0796 1
-1.356 -0.75693 1
-0.81425 1.3307 1
1.2278 1.3507 1
-0.57052 -1.0173 1
0.010137 -0.58668 0
0.32821 -1.1616 1
0.87621 -1.4265 1
0.84052 0.53594 0
1.1143 -1.0442 1
-0.68388 0.40741 0
0.89321 -0.64063 1
-1.2405 -0.73329 1
1.252 0.009368 1
0.096691 -0.37889 0
0.64411 -0.16098 0
1.083 -0.87617 1
1.3475 0.83059 1
1.4296 -0.092045 1
1.3821 0.85302 1
1.3114 -0.33417 1
-0.85285 0.75545 0
-1.0336 -0.19465 1
0.25996 -0.33558 0
0.80498 -0.63655 1
1.1097 0.26655 1
-1.478 -1.22 1
0.19465 -0.36857 0
-0.67041 -1.3429 1
0.40832 -0.014239 0
-0.71791 -0.85586 1
0.57986 -1.224 1
1.4074 1.1415 1
-0.27911 -0.32179 0
-0.78513 0.55359 0
-1.1717 -0.51057 1
-1.0364 -1.4367 1
1.2512 1.063 1
1.4506 0.531 1
0.63182 0.3645 0
0.083446 1.3833 1
0.30322 -1.0953 1
-0.064985 0.061293 0
0.80946 1.4065 1
0.44239 1.0506 0
-0.34183 0.43374 0
0.62505 1.3162 1
0.23389 -0.42451 0
-1.3754 0.96115 1
0.86669 0.12155 0
0.56662 1.1775 0
1.1907 -0.72015 1
-0.689 0.49539 0
-0.45475 0.26274 0
-0.37751 -1.2477 1
0.3172 -0.27299 0
0.8423 0.80012 0
-0.89599 -0.67182 1
0.67646 -0.78126 1
-0.1619 0.05696 0
0.63691 -0.74826 1
-1.4032 0.99206 1
0.76649 0.79499 0
-0.96388 0.98624 0
-0.94061 -0.23952 1
-1.4519 0.41514 1
-0.791 -0.3253 1
-1.4595 1.3997 1
0.30144 0.74901 0
0.21161 -1.2407 1
-0.093198 -1.0277 1
-0.70457 -0.027401 0
-0.32566 0.83734 0
-1.4275 0.96279 1
-0.85765 0.41885 0
-0.62884 -0.67907 1
-1.1549 -0.1609 1
-0.55789 -0.70144 1
0.70149 0.086048 0
1.3038 0.4649 1
0.53886 0.32825 0
0.13694 0.40943 0
-1.13 1.4476 1
-0.42775 0.55035 0
-0.95459 -1.3505 1
1.2613 1.3174 1
-0.9786 0.72374 0
0.49298 -0.887 1
-0.58854 -0.8922 1
-0.94717 -1.0653 1
-0.49222 -0.23477 0
0.95363 1.3163 1
-0.018703 0.34175 0
1.2259 1.0006 1
0.58154 1.0748 0
0.61929 -0.51323 1
-1.3219 -0.28434 1
-0.17877 0.11727 0
-0.67195 0.95598 0
0.75472 -1.3157 1
-0.93441 1.3631 1
-0.72379 -1.3221 1
-0.77017 -0.0504 0
-1.4843 -0.11676 1
-0.1349 1.2732 1
-1.2332 1.0811 1
-1.0793 1.0934 1
-0.92072 0.11015 0
1.062 0.1531 0
0.31441 0.92236 0
-0.18196 -0.25955 0
0.35203 -1.2507 1
-0.3048 0.78404 0
1.0035 1.0122 1
-0.71888 -1.4495 1
0.75752 1.2081 1
0.76336 -0.59961 1
0.71902 -0.035177 0
-1.4687 -0.23315 1
1.3348 0.94753 1
0.32706 0.65768 0
-0.43694 0.91606 0
-1.4053 -1.0821 1
0.98197 0.59435 0
0.96728 1.2322 1
0.9573 1.1392 1
0.7032 1.2499 1
-1.4516 -1.364 1
-1.1543 1.2818 1
0.50469 -1.2834 1
1.3147 -0.69106 1
1.1477 1.1239 1
-0.63492 0.69832 0
0.58122 0.19218 0
-1.4164 0.080622 1
-0.032406 0.62713 0
-1.4171 -0.60024 1
0.41372 -0.7432 1
0.89444 1.268 1
-1.1133 1.376 1
-0.47131 0.45573 0
0.003965 -0.60482 0
1.3353 -0.24423 1
1.3223 0.6481 1
-0.77417 -1.0268 1
-0.17433 0.45458 0
-1.0926 1.072 1
-0.16835 -1.3677 1
0.54629 -0.38354 0
-1.1084 0.4545 0
0.67818 0.4781 0
0.17931 -0.035892 0
-1.1822 -0.53822 1
-0.02952 -0.017015 0
-0.33007 -1.0833 1
0.4832 1.1343 0
-1.1217 -1.189 1
-1.2016 0.73227 1
0.66547 0.90539 0
-1.4678 -0.15449 1
0.8223 -0.42836 1
0.15723 1.0876 0
0.023564 0.50501 0
0.19685 0.59636 0
-1.442 -0.40703 1
-1.3213 0.28066 1
-1.3969 -1.424 1
-0.68058 -0.4399 0
0.53486 0.050878 0
1.1834 -0.70372 1
1.3019 -0.75586 1
-0.63939 -0.033936 0
-1.3581 0.63385 1
0.51286 0.39261 0
-0.77118 -1.1217 1
1.2908 0.085448 1
-0.88058 -1.459 1
-0.057245 -0.58905 0
0.079197 -1.3997 1
-1.1591 1.1749 1
0.58171 1.1682 0
1.0703 -0.85692 1
-0.47275 -1.1966 1
0.3553 0.35489 0
0.36679 -0.57269 0
-0.68924 1.223 1
1.3599 -1.4221 1
-1.4841 -1.2656 1
-0.78673 0.27066 0
-0.42197 -0.94005 1
0.67036 0.31476 0
0.82333 -0.20882 0
-1.0958 -0.31244 1
0.46768 -1.1056 1
-0.2088 0.59398 0
-0.90035 0.211 0
-0.14439 1.3683 1
-0.40419 0.38899 0
-1 0.60482 0
-0.64842 -0.46451 0
0.013283 0.85463 0
0.82329 0.71406 0
0.21772 1.0617 0
0.93639 -0.42117 1
0.51019 -0.59484 0
-0.63044 -1.4884 1
-1.4075 -0.62399 1
-1.0003 -0.21324 1
1.2101 -0.75244 1
1.3274 -0.17192 1
0.77486 1.3685 1
-0.033475 -1.186 1
0.95262 -0.88816 1
0.82517 0.92223 0
-0.040682 0.054604 0
1.33 -0.64854 1
-1.3427 0.76589 1
0.6685 -0.22318 0
-0.63448 -0.087053 0
-0.29211 0.041064 0
-0.60846 1.1317 0
-0.9509 0.071117 0
-0.78542 -0.57554 1
0.86948 -0.36466 1
0.98669 0.91497 0
0.55102 0.13624 0
0.2495 1.3598 1
1.0937 -1.2906 1
-1.4634 -1.2794 1
0.01679 0.31607 0
-0.96277 -1.4034 1
1.1796 0.91862 1
-1.2222 0.073686 1
0.77431 -0.82049 1
-0.90838 1.2478 1
0.20712 0.74109 0
0.013665 -0.85283 0
-0.4955 0.31789 0
0.65877 0.62329 0
-1.1231 -0.60086 1
0.15469 0.55039 0
-0.84571 0.81186 0
-1.0002 1.2495 1
-0.41088 0.84981 0
-0.79978 1.331 1
0.19107 1.2398 1
-0.2431 0.2611 0
-0.036569 0.80827 0
0.73136 1.4277 1
-0.97235 0.96419 0
0.10993 1.1113 0
0.073108 -0.11046 0
-1.0133 1.4836 1
0.11693 1.0838 0
-0.20003 -1.3508 1
1.415 1.0651 1
1.233 1.0037 1
0.19801 0.33887 0
-0.90466 -0.86312 1
0.40367 -0.65898 0
0.39324 0.77419 0
0.57328 -1.4306 1
0.1052 -0.93816 1
0.35629 -1.1888 1
-1.1417 0.79045 1
0.99693 -0.84871 1
-0.073456 0.1817 0
0.92972 -1.3046 1
-0.3984 -0.20076 0
0.57603 -0.054428 0
1.4164 0.45862 1
-0.79573 -1.1298 1
-1.3819 1.0166 1
-0.073167 1.3367 1
0.27276 1.1562 0
0.76314 -0.56906 1
0.61868 0.93945 0
-0.17072 0.042029 0
-1.1456 0.58316 1
-0.014757 0.99438 0
-0.73939 -1.0618 1
-0.036111 -0.59184 0
-1.1108 0.06497 1
-1.4111 -0.1796 1
1.2324 0.82985 1
-0.129 0.65376 0
-1.2613 0.30844 1
0.43975 0.54873 0
0.60166 1.339 1
0.79498 0.59893 0
-0.47594 0.20433 0
-1.1399 -1.2776 1
1.124 -0.021209 1
1.1414 1.107 1
0.008549 -0.44175 0
-0.1247 0.59343 0
1.0785 1.1232 1
0.30107 0.99265 0
-0.61402 0.48598 0
-0.31982 -0.78656 1
0.75701 -1.2134 1
0.55776 0.93944 0
-0.97121 1.4223 1
0.67304 1.1278 0
-0.11541 1.2186 1
0.88437 -0.67053 1
-0.2907 1.4319 1
0.18777 -1.0134 1
-0.92885 -1.0522 1
-0.62662 1.1258 0
0.13892 -0.72896 0
1.0067 -0.43943 1
-0.034337 0.41823 0
-0.92987 0.5591 0
-0.6572 0.09962 0
-0.22801 1.0887 0
-0.53213 1.0185 0
0.33517 0.28091 0
-0.81851 -0.5508 1
0.12028 0.82458 0
-0.3626 0.60009 0
-0.18838 1.4022 1
0.5631 0.32493 0
1.0632 0.81479 0
-1.1723 -1.46 1
-0.69013 0.84193 0
0.80867 -0.83877 1
0.85905 -0.75992 1
-0.77314 -0.64378 1
0.22815 1.1069 0
1.2663 0.54783 1
0.88158 1.3711 1
0.74223 0.29313 0
1.1562 0.6256 1
-0.26282 -0.55975 0
1.1323 0.57247 0
0.72157 -1.4698 1
-0.04102 -1.2738 1
1.372 0.78612 1
-0.91375 -0.17752 1
1.0823 -1.2996 1
1.143 -0.23922 1
0.24052 -0.45719 0
1.2805 -1.3804 1
-0.10512 -0.63735 0
1.3086 0.25316 1
-0.55409 -1.2809 1
0.037022 -0.7814 0
0.064572 -0.76437 0
-1.3623 1.4663 1
-0.52955 1.3871 1
0.76663 1.0195 0
-1.3199 1.4221 1
-1.2135 -0.22182 1
0.44164 0.7139 0
0.057618 -0.22784 0
1.0945 1.0607 1
0.7839 -0.49347 1
1.1241 0.84559 1
-1.4082 1.0613 1
-1.1446 1.3837 1
1.0723 1.4065 1
-1.4981 -1.3145 1
0.80654 0.70489 0
-1.4317 1.2563 1
0.51101 0.8147 0
-0.9727 -0.56422 1
1.2054 0.76508 1
-0.88495 -0.18393 0
-0.13445 -0.014528 0
0.29502 1.2261 1
-1.1513 -1.1906 1
-0.32242 0.31142 0
0.29712 1.2933 1
0.73516 -0.58337 1
1.0584 -1.4667 1
-0.82814 1.1178 0
1.0391 -1.4931 1
-0.39887 -0.62024 0
0.78459 -0.42756 1
0.57129 0.57445 0
0.88061 -0.003119 0
0.93851 0.13764 0
0.72627 1.1913 0
-0.85306 0.99666 0
-1.2023 -0.65015 1
0.7785 0.53915 0
1.2652 -0.96453 1
-1.305 -0.94419 1
-0.57395 -0.15657 0
-0.70417 -1.0212 1
-0.048515 0.038165 0
-0.41277 -1.3308 1
1.0171 -0.25609 1
0.34588 -0.71152 0
1.3112 1.2117 1
-1.4789 -0.79185 1
0.80097 -0.072106 0
1.2138 -0.49869 1
0.17328 0.33584 0
-0.46448 1.1534 0
0.99916 -0.85377 1
-1.3508 1.3376 1
-0.25282 -0.27211 0
0.58595 -1.0998 1
-0.1707 -1.0623 1
-0.69009 0.058949 0
-1.2876 0.17728 1
-0.81989 0.47821 0
-0.44262 -1.4402 1
1.0826 0.9502 1
1.0988 -1.1649 1
1.0422 -0.26748 1
0.67314 -0.9913 1
-0.76926 1.2433 1
-0.018244 0.87679 0
-1.2014 -0.2068 1
0.95484 1.1343 1
-0.9545 0.26316 0
1.0117 -0.1432 1
-0.31227 -0.39041 0
0.73689 0.69323 0
-1.2109 -1.1319 1
-1.0113 -1.1491 1
1.1071 -0.9933 1
-0.73164 -0.71223 1
1.1005 1.2444 1
0.69752 -1.2399 1
0.23653 -0.24174 0
-0.80586 0.39017 0
0.12857 -0.8841 1
0.28259 0.70609 0
0.95591 -1.4484 1
-1.133 1.3249 1
0.22377 -1.0451 1
0.82007 1.2159 1
-0.25757 -0.54691 0
-0.9483 -1.1097 1
-0.83385 1.4046 1
1.1867 -1.2095 1
-1.1751 -1.1653 1
-0.47655 -0.85459 1
0.7096 -0.32703 0
0.92796 0.27494 0
-0.74535 -0.6768 1
-0.50078 -0.29693 0
-0.84266 -0.72694 1
0.083448 1.3653 1
-1.3625 1.2377 1
-0.23306 -1.3455 1
0.54703 1.0568 0
0.34411 -0.075013 0
1.2381 1.0987 1
-0.74205 0.84977 0
0.89911 0.15485 0
-0.92822 -0.87023 1
0.049106 0.075849 0
0.97757 1.4831 1
0.19565 -0.43519 0
0.39666 0.28402 0
0.67678 -0.56762 1
-1.0617 -0.63282 1
-0.19386 -0.28253 0
0.78689 1.4173 1
-0.66989 -1.4688 1
-0.51509 -1.093 1
1.3441 1.1923 1
-1.1036 -1.4011 1
-0.97906 -0.96189 1
-1.2966 1.4769 1
0.41868 -1.3251 1
-0.98409 -0.97747 1
-0.86605 0.78177 0
-1.0996 1.2585 1
-1.3835 -1.1537 1
0.015018 1.3329 1
0.82054 0.3528 0
-0.54804 0.96804 0
-1.1783 1.0819 1
0.22896 -0.51835 0
0.77015 1.0377 0
-1.0489 0.56034 0
0.31901 0.45877 0
0.9163 1.0448 0
1.1632 0.26863 1
-1.375 0.89012 1
0.87025 -1.2937 1
-0.043684 -0.2905 0
-0.58063 0.43177 0
0.21374 0.44861 0
0.78804 -0.28213 0
1.1463 -0.73291 1
-0.17015 0.88625 0
-0.34987 0.82482 0
0.89558 -0.45959 1
1.3964 0.06617 1
0.34769 -0.12242 0
1.4881 0.26383 1
-0.4462 1.4828 1
-0.50336 -1.0925 1
1.45 -0.71162 1
1.4585 -1.4945 1
0.99774 -1.2821 1
-1.1019 1.2939 1
-0.58386 0.68819 0
1.2488 0.50502 1
-0.64981 0.97571 0
0.25151 0.99393 0
1.4622 -1.3429 1
0.27243 1.0582 0
1.2291 0.51448 1
1.461 -0.73499 1
1.114 -0.45952 1
-0.29451 0.21605 0
1.3743 1.3355 1
1.4311 -1.0278 1
-0.47934 1.306 1
1.258 0.015245 1
0.60517 1.2198 0
0.22983 0.62219 0
0.58759 1.3764 1
-1.0325 -0.19113 1
-0.083531 -0.30169 0
1.1376 -0.72161 1
-0.80174 -0.89984 1
-1.4852 0.41752 1
-1.4768 0.28123 1
0.38062 -0.8657 1
-0.7766 1.2005 1
-0.31382 1.427 1
-0.7233 0.67814 0
-1.3173 1.0873 1
0.77056 0.47205 0
-0.24471 -0.11962 0
0.52865 0.14989 0
1.4373 -0.40582 1
-1.0611 0.1963 0
0.31727 -1.3498 1
1.4673 -1.1904 1
1.0905 -1.1233 1
-0.21119 -1.2685 1
1.3036 -1.1841 1
-0.58443 -0.84592 1
-0.71204 1.0783 0
1.3836 1.135 1
0.60829 -0.12054 0
-0.52431 0.23333 0
-0.42835 0.38099 0
-0.51387 -1.0061 1
0.27461 0.54683 0
1.4154 0.3025 1
0.82165 0.01041 0
1.3926 -0.92256 1
0.75297 -1.0441 1
-0.66929 0.85869 0
0.090146 -0.65687 0
-1.4968 -0.37768 1
-0.49772 1.1571 0
-0.020224 0.18789 0
-0.92853 0.72792 0
1.1792 0.6876 1
1.1366 0.37254 1
0.75748 0.28035 0
1.4276 0.84443 1
-0.77731 -1.4563 1
0.58586 -0.68442 1
0.59233 -0.76292 1
1.3069 -0.4507 1
-1.3673 0.081057 1
-1.0835 -1.2845 1
1.1533 -1.2252 1
0.90082 0.030902 0
-0.68012 0.4085 0
0.55858 -0.35198 0
-0.085123 -0.045053 0
0.56564 -0.69567 1
0.45456 0.012724 0
-0.51623 0.092554 0
1.2132 -1.1323 1
-0.81464 1.3247 1
-0.221 -1.4726 1
-0.20847 -0.68659 0
-0.90076 1.2193 1
0.014473 -0.89981 0
-0.11878 -0.22777 0
-0.97301 -1.0435 1
1.4305 0.7198 1
0.2599 -0.42616 0
0.006449 -0.52722 0
-0.53644 -1.2615 1
1.4866 0.87621 1
-0.4643 -0.66108 1
-1.2352 -0.87321 1
-0.15054 0.92215 0
1.3549 0.29898 1
-0.1083 0.42488 0
0.63052 -0.6548 1
1.4343 -1.3755 1
1.2517 1.2502 1
1.418 -1.436 1
0.68892 -0.34735 0
1.2519 -0.43328 1
-1.1738 1.3617 1
0.69875 -1.3041 1
-0.84669 0.5007 0
0.73067 1.149 0
0.1817 -0.81876 0
0.075089 -1.1147 1
0.53307 -1.3186 1
-0.93316 -0.8715 1
-0.12254 1.4075 1
0.25958 1.4209 1
-1.0181 -0.45309 1
1.1027 -0.30344 1
0.034069 0.17239 0
1.3397 0.11344 1
-0.18787 -0.072909 0
-1.2711 -0.61387 1
-0.19961 0.80547 0
-0.12779 -1.4982 1
-0.92569 1.0239 0
0.89324 0.66505 0
0.74223 0.1188 0
0.63841 0.18282 0
0.7198 1.2054 1
0.12446 1.3646 1
-0.63034 -1.4023 1
1.1201 1.4021 1
0.96068 1.319 1
0.33951 0.34134 0
-0.39778 1.195 0
-0.7638 -0.13879 0
-0.89114 -0.47166 1
-1.2892 1.0095 1
1.2035 -0.16529 1
-0.23016 -0.5066 0
0.73988 -0.68919 1
0.72379 -0.3796 0
-1.3827 0.95527 1
0.50861 -1.1512 1
-0.50699 0.2224 0
-1.4848 -0.3438 1
-1.2479 0.61337 1
-0.85372 -0.03859 0
0.72901 1.155 0
-0.76968 -0.17947 0
0.51304 -0.82834 1
0.96479 -0.65499 1
-0.93175 -1.1707 1
-1.4994 0.97638 1
-1.0637 1.2076 1
-1.2899 -0.26469 1
-0.45761 -0.8827 1
-0.66383 0.061798 0
0.51558 -0.3714 0
0.20013 -1.1274 1
0.3361 -0.11289 0
0.10569 0.95866 0
-1.4486 -0.4675 1
1.2238 -0.46964 1
0.037379 -0.94645 1
-0.59829 -0.36539 0
0.53559 1.4822 1
1.1706 0.56928 1
-1.0694 1.314 1
1.1338 -0.35175 1
-0.49437 0.29983 0
-0.36257 0.45944 0
-0.98441 -0.10644 1
-1.4259 0.98091 1
-0.083619 -0.77155 0
-0.10623 -1.4614 1
1.1406 0.84089 1
1.042 1.4105 1
0.48106 -0.96215 1
1.4079 -0.52668 1
-1.4012 -1.0899 1
0.83116 -0.88532 1
-0.36975 -1.2253 1
-0.1545 1.0512 0
-0.067606 1.4571 1
-0.5213 0.11037 0
0.55196 0.10329 0
-0.57601 0.98118 0
0.97997 -1.0086 1
0.33749 -0.37796 0
1.1609 -1.2085 1
-0.64025 -1.1539 1
0.29094 -1.1605 1
0.83321 -1.3837 1
0.303 0.21303 0
0.54391 -1.1986 1
1.421 -0.52311 1
0.78003 1.379 1
-0.070444 -0.66721 0
0.93032 -0.03771 0
-0.47815 -0.71816 1
0.99852 -1.3777 1
-0.12331 -0.99554 1
-0.083115 -0.094534 0
0.019798 -0.50518 0
-0.4424 1.2055 0
1.4556 0.052604 1
0.12993 -0.8369 0
-1.3082 -1.0064 1
0.26031 -0.78042 0
-0.81905 -0.11778 0
-0.17889 0.82379 0
0.94647 0.88181 0
0.67332 0.001726 0
0.50534 -0.32472 0
0.63498 -1.0441 1
0.55362 -0.84484 1
0.078582 0.61141 0
0.7966 0.2545 0
0.43527 -0.91975 1
0.58725 0.57785 0
-0.58701 0.29555 0
-0.11039 1.4592 1
0.20336 0.63457 0
-0.60708 0.56992 0
0.081885 0.98235 0
-1.1103 -1.2869 1
-0.92911 -0.76636 1
0.84963 -1.2365 1
-0.87804 1.3993 1
0.59909 1.014 0
0.68146 -0.93475 1
0.27455 1.4799 1
0.45453 -0.66604 1
-0.40891 -0.38091 0
-1.3787 0.36217 1
-0.71426 1.2927 1
0.26359 -1.1691 1
1.2341 -0.47579 1
-0.53966 -0.73558 1
0.74565 0.6161 0
-1.4001 -0.74035 1
-0.50231 -1.3046 1
1.355 -1.3107 1
-1.2204 -0.26489 1
-0.085507 -0.29445 0
1.3072 1.4646 1
0.83529 -0.5817 1
-0.3126 0.001225 0
-0.69529 -1.1201 1
0.11525 0.4038 0
-1.016 1.3082 1
0.57788 0.40931 0
1.4244 0.73292 1
0.34161 0.51447 0
-0.60373 1.2796 1
-0.36402 0.50202 0
-0.33478 -1.3807 1
0.31703 0.22086 0
-1.4102 -1.2985 1
0.68416 -0.29614 0
0.61159 -1.0517 1
-0.89458 0.54094 0
-0.30728 -0.76315 1
-1.2578 0.18534 1
-0.39948 0.076041 0
-0.45546 -0.31176 0
1.3642 0.65648 1
-0.43899 0.59962 0
-0.46393 0.24214 0
0.90502 -0.85345 1
0.63088 0.98441 0
-0.062073 -0.82195 0
-0.39078 -0.071162 0
-1.455 -0.70586 1
-0.71782 -0.92991 1
-0.95966 -1.2881 1
-0.58892 0.51518 0
0.91858 0.81939 0
-0.85221 0.18242 0
1.4173 -0.50312 1
-1.1092 1.461 1
-0.3901 1.3583 1
-0.82874 -0.85787 1
-1.0974 0.39815 0
-0.34624 0.87285 0
1.0082 0.68069 0
-0.99818 -1.156 1
0.27749 0.51026 0
1.0164 -0.88008 1
-1.3896 -0.15492 1
-0.63129 0.21136 0
0.73616 -1.4882 1
-1.2522 -0.077625 1
-0.9857 0.54414 0
1.378 1.1334 1
-0.8318 -0.60354 1
0.96509 -0.45222 1
-0.8077 -0.6263 1
-1.4009 -0.92349 1
0.37326 0.65361 0
1.355 0.14451 1
-0.17996 1.4862 1
-0.95289 0.48566 0
-1.3097 -0.65036 1
0.23698 0.4864 0
-0.38399 -0.62494 0
-1.078 0.19627 0
0.32988 -1.4592 1
1.0072 1.0988 1
1.0426 0.3941 0
0.15579 -0.10631 0
-0.16821 -1.0915 1
-0.030161 1.3916 1
1.2854 -0.21666 1
-1.3319 -1.325 1
-0.63074 0.19671 0
0.62267 -0.75823 1
-0.046944 0.53874 0
-0.40712 -0.32398 0
-0.14708 1.2734 1
-0.62865 0.20434 0
-0.80876 0.57944 0
-0.57136 -1.0189 1
0.76779 -0.45286 1
-1.0184 0.29907 0
-0.35685 0.1987 0
0.50575 1.3999 1
0.69507 0.87726 0
-1.0783 1.0835 1
0.088557 -1.3431 1
-1.0861 0.48987 0
-0.029574 0.4492 0
1.155 -0.44585 1
-1.0041 1.1815 1
0.76973 0.65975 0
-1.458 0.72488 1
0.81558 0.41665 0
0.21231 -0.29569 0
-0.67319 -1.0095 1
1.0028 0.49888 0
0.085144 -0.96486 1
0.54903 1.2792 1
0.74396 -1.3783 1
1.023 1.2901 1
0.78493 -0.17595 0
0.18823 -0.056414 0
-0.41747 0.7392 0
-0.6346 0.24548 0
0.35837 -1.4728 1
-1.3655 -0.4644 1
-0.76442 -1.1117 1
-0.97378 0.43418 0
0.62138 0.17667 0
0.95068 -0.25525 1
-1.3581 1.4148 1
0.23214 0.40831 0
0.26026 -1.1409 1
-0.33055 0.60098 0
0.75901 0.30084 0
1.0759 0.50137 0
0.83101 0.14032 0
0.79978 -0.40958 1
1.4105 1.1373 1
-0.54543 0.99977 0
-0.82722 -1.2201 1
0.26361 0.61757 0
0.80042 -0.59805 1
-0.70203 0.12641 0
0.28976 -0.038011 0
-0.78114 -0.28503 0
0.78809 -0.10852 0
1.2483 1.4991 1
1.0027 0.20317 0
0.90121 0.44757 0
0.94787 0.54645 0
-0.4194 0.90817 0
-1.2861 0.84812 1
-0.0274 -0.30161 0
0.6127 -0.24118 0
1.1033 -1.3181 1
-1.2288 0.57442 1
0.020911 -0.57886 0
0.91743 -1.2712 1
1.2966 -0.83488 1
0.76629 -0.053478 0
-0.026886 1.3781 1
-1.2251 -1.0683 1
-0.021731 -0.31423 0
0.41378 0.68226 0
1.4719 1.1975 1
-0.17954 1.0553 0
-0.98469 -0.94674 1
-1.3901 -1.4515 1
1.0618 1.0806 1
-0.3857 -0.38828 0
-0.050187 0.67793 0
0.36521 -1.4308 1
-0.72499 0.23963 0
-0.99237 -1.0965 1
-0.66995 1.3531 1
1.1397 0.50259 1
-1.1514 1.3534 1
0.24186 -0.73667 0
1.3885 -0.32904 1
-1.1559 -0.3058 1
0.49751 1.081 0
-0.46569 0.7829 0
-0.014667 -0.71005 0
-0.081875 0.91249 0
-1.4298 0.16747 1
-0.30142 -0.34417 0
-1.2915 -1.3979 1
-0.048935 -0.40608 0
1.3855 0.24453 1
1.2443 1.2505 1
-1.0887 -0.28515 1
0.52317 -1.0928 1
-1.4518 -1.3068 1
0.93642 0.26907 0
0.090405 0.90761 0
-0.46942 1.467 1
0.070244 -0.69437 0
-1.0623 0.82134 0
-0.77565 1.2736 1
1.0303 -0.049197 1
-0.9884 0.7746 0
0.85952 0.86559 0
-0.66276 0.60431 0
0.91243 0.22874 0
1.4083 -0.55017 1
0.45362 0.68602 0
1.0833 0.11373 1
-0.4795 1.1379 0
1.3594 0.044609 1
-1.1881 -1.1691 1
0.44959 1.3538 1
0.067913 -1.303 1
-1.4241 1.398 1
1.3624 0.49188 1
0.72309 0.24634 0
-0.66719 0.32951 0
0.018495 1.1992 1
1.3665 0.75801 1
-0.11819 -0.16234 0
-0.085521 -0.69871 0
0.12804 0.8481 0
-0.19683 -1.164 1
0.51126 0.55975 0
0.86074 -1.281 1
0.3607 -1.075 1
1.4074 -1.3908 1
0.087292 0.016655 0
0.75756 -1.1089 1
-0.388 0.59727 0
-1.494 -0.23103 1
0.30819 0.12101 0
0.17987 -0.63731 0
-0.16292 0.053442 0
0.53845 0.44642 0
0.1588 -0.92523 1
0.014281 1.3617 1
-0.31034 -1.2834 1
1.1868 -0.89175 1
-0.16555 -0.4796 0
-0.50545 1.3307 1
-1.4975 -0.58471 1
1.4391 1.1989 1
0.11053 1.3462 1
0.9715 0.90983 0
-1.0664 1.3748 1
0.91805 -1.2066 1
0.58892 0.94373 0
0.81132 -0.30303 1
1.3714 0.52621 1
0.6539 -0.46812 0
1.1097 -1.1047 1
-0.17009 -0.67587 0
1.0214 -0.72183 1
-0.57417 0.84661 0
-0.047061 -1.4726 1
-1.0522 -0.14165 1
-0.028221 0.024882 0
0.55498 0.98752 0
-1.4163 -0.54961 1
-0.89874 0.74251 0
1.1713 0.81214 1
1.2439 -0.59148 1
0.70435 -1.1017 1
0.39237 0.79057 0
0.7387 -1.4366 1
-0.74306 1.3204 1
0.76687 0.4998 0
-0.68844 -1.256 1
0.33297 -1.2615 1
-0.37355 -0.83369 1
0.52396 -1.4432 1
-0.92734 -0.3188 1
0.085551 -0.88668 0
-0.53819 0.91363 0
1.3198 1.1516 1
-0.73596 -0.35648 0
-0.80483 1.1809 1
-1.0658 -0.098615 1
-0.007194 -1.3657 1
0.41578 -0.72721 1
-0.045223 -0.21422 0
-0.89464 0.10619 0
-0.51088 -0.75393 1
-0.46092 -0.85907 1
1.0618 -0.99909 1
-0.8425 0.002919 0
1.2093 0.45987 1
1.3949 1.1267 1
-0.21805 -0.4186 0
-0.44916 -1.4075 1
0.32631 1.3769 1
1.0363 -0.7204 1
1.0121 0.52363 0
-1.1221 -0.40328 1
-0.41718 -1.3027 1
0.61007 -0.3392 0
-0.91692 1.3561 1
0.33867 1.0356 0
0.87859 0.054233 0
-1.2644 -0.44532 1
1.1757 -1.4976 1
0.41328 0.8926 0
1.4076 -0.19658 1
-0.91349 -0.67648 1
-0.84384 0.6143 0
0.71319 0.84493 0
0.549 0.25974 0
-0.27933 -1.0633 1
0.55003 -0.94964 1
-0.20646 0.17117 0
0.28747 1.3231 1
-0.20525 0.40475 0
-1.1188 -0.065534 1
-1.1489 -0.64681 1
1.1445 0.20585 1
0.40631 1.4899 1
1.3607 -0.18097 1
0.74242 1.3982 1
0.35099 -0.22765 0
-0.24445 -1.2272 1
-1.3965 1.0693 1
-0.014579 0.92054 0
-1.2359 -0.50908 1
0.21426 1.0379 0
0.62988 -0.006123 0
0.06151 -0.45904 0
0.304 0.65615 0
-1.4499 1.0294 1
-1.3587 1.3197 1
-1.2712 -0.92642 1
0.085515 -0.45032 0
-1.0182 -0.45331 1
-0.57859 -0.86081 1
0.51682 1.0894 0
0.76051 -0.39268 1
-1.0399 -1.2318 1
-0.44047 1.4609 1
-0.78807 0.55142 0
0.61987 0.92671 0
-0.36046 -0.54638 0
0.034401 -0.69478 0
0.16121 1.4583 1
0.39971 0.87551 0
-0.054024 0.46314 0
1.1093 1.4518 1
0.10794 0.19803 0
0.3471 -1.2324 1
-0.51406 0.24878 0
1.4431 -1.4468 1
1.1609 0.56416 1
-0.87917 0.71409 0
-0.62931 -1.1927 1
1.449 1.4531 1
0.023561 -1.2143 1
1.0922 -0.87717 1
0.99245 -0.24012 1
-1.1438 0.015505 1
0.83366 1.0017 0
-1.1937 0.93731 1
1.3791 1.3936 1
-0.62396 1.4614 1
1.1842 0.7697 1
0.43713 -0.87881 1
-0.01733 0.829 0
-0.33179 -1.4158 1
0.87734 -1.1135 1
-0.82106 -0.14708 0
0.35521 -0.98649 1
-0.84783 0.35349 0
-1.2144 0.4087 1
0.52396 -1.2744 1
0.16103 0.29722 0
-0.62069 -1.2326 1
1.2748 -0.41237 1
1.394 1.1478 1
0.31871 0.76416 0
0.72039 0.89282 0
-0.12735 0.97708 0
-0.2401 -1.4922 1
0.43836 1.0805 0
0.42807 1.3444 1
-0.6775 0.082022 0
1.2184 1.2921 1
-0.19676 -0.79997 0
0.74904 -1.2392 1
0.2984 -0.51648 0
0.58227 0.68334 0
-1.2325 -0.22234 1
1.0555 -1.18 1
-0.53777 -0.44615 0
0.54126 0.77025 0
0.058548 0.69435 0
0.12847 1.3382 1
1.2157 -1.3757 1
-1.3439 0.30558 1
-0.028236 -0.42024 0
-1.085 -0.83835 1
0.74049 0.51969 0
1.003 -0.92325 1
-0.88513 0.35794 0
-0.1995 0.53174 0
1.1911 -0.76216 1
-0.9154 -0.81859 1
0.54354 0.61159 0
-1.2083 0.73644 1
-0.69548 1.2877 1
-0.82255 -0.017356 0
1.2747 1.3985 1
0.36517 -0.76434 1
0.83562 0.28543 0
1.2679 0.91599 1
-0.017036 -1.3025 1
-0.12259 -1.1942 1
1.1755 -1.4189 1
0.92532 1.4248 1
0.77744 1.073 0
0.46455 -0.72944 1
0.75984 -0.66491 1
1.0014 -1.2475 1
-0.073404 -1.2038 1
-0.56929 -0.56843 1
1.1095 -0.95327 1
-0.10555 -0.80944 0
0.80669 1.1256 0
-0.7156 -0.2776 0
