0.48193 1.4192 1
0.47051 1.4737 1
-1.3098 -0.20078 1
-0.8338 0.27305 0
0.059329 -0.62357 0
0.57742 0.49929 0
0.44715 -0.62685 0
-0.032975 -0.55535 0
1.4282 0.36229 1
-0.035903 -1.2988 1
-0.67285 -1.435 1
1.1651 0.60195 1
0.20246 -0.62905 0
-1.02 -0.47967 1
-1.0909 0.43429 0
0.28003 -0.26653 0
0.49387 -0.6104 0
-0.18119 -1.4483 1
-0.42795 -0.072514 0
-0.4182 -0.33318 0
-0.51871 -0.10304 0
1.2792 1.1759 1
-0.41521 0.4109 0
-1.2563 -1.3334 1
-1.1931 -1.367 1
-0.067607 0.73496 0
0.36849 0.28155 0
-0.35411 0.47986 0
0.091873 0.96363 0
0.61179 -0.87662 1
-1.1058 -1.2786 1
1.2748 -0.55855 1
