0.48193 1.4192 1
0.47051 1.4737 1
-1.3098 -0.20078 1
-0.8338 0.27305 0
0.059329 -0.62357 0
0.57742 0.49929 0
0.44715 -0.62685 0
-0.032975 -0.55535 0
1.4282 0.36229 1
-0.035903 -1.2988 1
-0.67285 -1.435 1
1.1651 0.60195 1
0.20246 -0.62905 0
-1.02 -0.47967 1
-1.0909 0.43429 0
0.28003 -0.26653 0
0.49387 -0.6104 0
-0.18119 -1.4483 1
-0.42795 -0.072514 0
-0.4182 -0.33318 0
-0.51871 -0.10304 0
1.2792 1.1759 1
-0.41521 0.4109 0
-1.2563 -1.3334 1
-1.1931 -1.367 1
-0.067607 0.73496 0
0.36849 0.28155 0
-0.35411 0.47986 0
0.091873 0.96363 0
0.61179 -0.87662 1
-1.1058 -1.2786 1
1.2748 -0.55855 1
1.0806 1.4868 1
-0.97271 -0.10243 1
-0.53886 -0.69308 1
0.71492 -1.3237 1
0.87848 0.34113 0
0.31731 -1.2613 1
0.51391 -1.478 1
1.1144 0.48771 0
1.3278 -0.28556 1
1.0036 1.1359 1
-0.67051 -0.96685 1
0.61855 -0.44538 0
-1.1663 0.43751 1
1.1097 -0.73355 1
-0.74339 -0.36977 0
-0.064332 -0.049269 0
-0.61375 -0.89221 1
0.52471 0.56277 0
-0.49906 -0.95171 1
0.90945 0.85413 0
-1.2696 -0.99613 1
0.37373 0.76919 0
-0.066081 -1.4773 1
1.4173 0.42691 1
1.0851 -0.20833 1
0.50134 0.8869 0
-0.34871 -1.4722 1
-1.2212 1.3928 1
-1.4977 -0.75008 1
1.0443 1.4099 1
1.0056 1.0577 1
0.13615 -0.30384 0
1.1726 1.3422 1
-1.2178 0.53589 1
-1.4821 1.3874 1
0.74526 -0.98808 1
0.040775 0.4227 0
-0.37559 1.1881 0
0.080744 -0.81614 0
0.77063 -0.089449 0
-1.465 -0.13673 1
-0.97511 -1.3549 1
1.4881 -1.0362 1
-1.3407 -0.39228 1
0.9157 0.81046 0
-1.1956 0.6453 1
0.48315 0.52741 0
1.0313 1.3798 1
-1.178 1.2352 1
-1.3446 0.24882 1
-0.19277 -0.073639 0
0.82956 0.89895 0
-0.93153 0.46516 0
0.65746 0.15248 0
0.3706 0.65229 0
-1.3192 -0.65506 1
1.3512 -0.10068 1
1.1133 -0.14311 1
-1.3463 -0.87312 1
-0.80824 0.51157 0
0.93425 1.3113 1
-1.4159 -0.48629 1
0.36328 -0.43965 0
-0.59981 0.037739 0
-1.0654 0.50169 0
0.57878 -0.96731 1
1.2255 -1.1527 1
0.18139 -1.0506 1
0.32337 -0.93823 1
-0.086462 -0.72565 0
-0.94461 0.61911 0
0.29547 -0.36928 0
0.018532 -0.51815 0
-0.9982 -1.3013 1
-0.3435 -1.2533 1
0.88213 -0.97484 1
-0.13734 1.2713 1
-0.85855 1.3342 1
0.45672 -1.2179 1
0.17858 0.052006 0
-0.86347 1.3394 1
-0.41012 -1.2581 1
-0.7494 0.2478 0
1.156 0.96707 1
-1.0789 1.1335 1
0.46007 1.0596 0
1.431 0.24844 1
-0.60899 -0.86463 1
-0.44768 -0.86845 1
-0.61646 0.338 0
0.52092 0.97105 0
-0.94855 0.44985 0
-1.27 1.3087 1
-0.82102 -0.28748 1
1.461 1.0652 1
0.22278 1.0978 0
0.015558 -0.90833 0
0.97963 0.55031 0
0.13887 0.63413 0
-0.14695 0.54523 0
-0.76247 1.0346 0
0.15758 -0.90575 1
-1.2285 -0.43357 1
1.243 0.001505 1
1.4215 0.15538 1
1.0651 -0.55556 1
-0.22207 1.168 0
-0.924 1.4636 1
1.4416 -1.1298 1
1.2992 0.25708 1
0.31113 -0.13132 0
-1.0424 -0.75453 1
-0.9282 1.0623 0
0.13674 0.92939 0
1.2387 -0.13589 1
0.28114 0.28799 0
0.13942 -0.96328 1
-0.52608 0.95342 0
-0.54171 -1.4017 1
-1.1877 -1.3562 1
0.89725 0.14754 0
1.4013 -1.2031 1
-0.00579 -1.0814 1
-0.054486 -1.0779 1
0.095419 -1.4069 1
1.4425 -0.55062 1
-1.1512 -0.52486 1
0.12165 -0.33934 0
-1.0552 -0.59108 1
0.031562 -1.4925 1
-0.74143 -0.78183 1
1.3806 0.51705 1
-0.6211 -0.15287 0
-1.2122 -1.4151 1
-0.70426 0.60036 0
-0.78519 0.73243 0
1.4793 1.054 1
-0.35594 -0.49015 0
0.88793 -1.3759 1
0.22018 1.34 1
-0.89165 1.1025 0
-0.83802 -1.0613 1
0.40548 1.3874 1
-0.314 0.11201 0
1.1663 -1.3911 1
0.93972 -1.2637 1
-0.81092 -0.50205 1
0.49395 0.32624 0
0.71788 0.13925 0
-0.82246 0.55478 0
1.499 0.036682 1
0.006204 -0.35596 0
-1.0171 -1.0715 1
1.1941 -1.2425 1
0.60696 -0.83049 1
1.2551 -0.33086 1
0.85064 -0.087918 0
1.0543 -0.073885 1
0.97387 1.354 1
0.32235 0.55687 0
-0.86457 0.75707 0
-0.054435 -0.42695 0
-0.53556 -0.73073 1
0.79209 -0.19478 0
0.000956 1.3803 1
-1.159 0.76193 1
1.4112 -1.1464 1
-1.4858 0.5057 1
0.43818 0.89142 0
-0.6015 0.75819 0
-1.3625 -1.0875 1
-0.79246 1.3266 1
-0.13113 -0.37739 0
0.30047 -0.21946 0
-1.4752 0.42254 1
-0.63544 -0.6059 1
-0.53905 -0.064587 0
-0.59404 -0.16171 0
0.010031 0.83909 0
-0.87031 -0.41313 1
-0.70791 -0.1361 0
-1.2168 -0.16489 1
-1.0954 -0.73667 1
-0.048628 -1.3258 1
0.95875 0.41992 0
1.3354 1.0357 1
-0.91646 -0.78685 1
0.52079 1.3408 1
0.41319 -1.1666 1
-0.89721 1.0384 0
-0.054588 0.44938 0
0.044245 0.4177 0
0.70359 -0.29332 0
0.48991 0.74548 0
0.35569 0.76666 0
0.1599 0.67585 0
-0.86766 -0.48809 1
1.2849 -1.0249 1
0.078937 1.062 0
1.409 1.4626 1
1.3789 0.8732 1
1.4546 -0.43835 1
0.7203 -1.1478 1
-0.47826 -0.47338 0
-0.24949 -0.37699 0
0.39479 0.5517 0
1.0664 -0.043102 1
0.47137 -0.11704 0
0.82285 -0.035222 0
-1.3448 0.86244 1
1.3104 -1.4453 1
0.31931 -0.96301 1
1.0312 -0.90938 1
-0.48389 1.3314 1
-1.3873 0.36978 1
-0.83503 -1.1415 1
-0.92361 -1.323 1
0.26905 -0.005826 0
0.25973 1.226 1
-1.0251 0.57463 0
1.3257 -0.46426 1
0.44083 0.39572 0
-0.77916 -0.59235 1
0.12391 -0.40676 0
1.0857 -0.013464 1
-0.9754 -0.5951 1
0.37944 0.30824 0
-0.73694 0.28792 0
-0.071046 0.75905 0
-0.14738 0.44467 0
-0.72211 -1.1746 1
-1.2425 -1.0095 1
0.22323 -0.99469 1
0.40838 1.0567 0
-0.58055 0.7634 0
0.25723 -0.86097 1
1.0919 -0.66058 1
-0.18325 0.74102 0
-0.55696 -0.39333 0
-0.039203 0.81315 0
-0.90822 -0.32644 1
0.97666 0.69381 0
0.99224 0.3235 0
0.62602 -0.8975 1
0.10954 1.2607 1
0.66679 0.89924 0
0.37421 -0.7185 1
-0.82676 0.74433 0
-1.3894 -1.2194 1
1.0002 1.2945 1
0.97133 -0.32223 1
-0.6225 -0.6206 1
-0.69117 1.197 0
0.50823 -0.29326 0
1.3477 0.41887 1
-0.50918 -0.8602 1
-1.3703 -0.83662 1
-0.41235 0.51362 0
-1.219 -0.70486 1
0.62081 0.12874 0
1.0587 1.2995 1
-0.42913 0.77616 0
1.1842 0.71454 1
0.88515 -1.0477 1
0.86768 0.046774 0
-0.33747 -0.13117 0
0.12183 0.38639 0
-1.3666 -0.79038 1
-0.75953 0.92173 0
1.1867 1.458 1
1.2592 -0.88853 1
-0.9827 0.78769 0
0.90012 -1.1975 1
-1.0528 -0.058708 1
-0.88955 1.3676 1
0.031741 -1.0872 1
-1.2953 -0.61887 1
-1.1208 -0.72377 1
-0.45934 -0.77328 1
-0.4649 -1.2953 1
-0.097362 -0.62852 0
-1.1631 0.57856 1
-0.66837 -0.86621 1
-0.50299 -0.44149 0
-0.44206 0.93666 0
-0.38461 0.20471 0
-0.34453 -1.4025 1
-0.062433 -0.77091 0
-0.41136 0.56555 0
1.1738 -0.75712 1
0.05842 -1.0518 1
0.11129 -1.312 1
-1.3824 -0.76275 1
0.99648 -1.1098 1
0.54387 -0.5612 0
-0.20429 0.94388 0
-1.3763 -1.3522 1
-0.32402 1.1814 0
0.42023 -0.95707 1
0.8957 -0.2339 1
1.054 -1.2156 1
-1.4704 -0.17311 1
0.52604 0.44034 0
-0.30422 1.1389 0
-0.078878 0.1159 0
-0.43446 1.3883 1
-0.96669 1.3059 1
-0.31367 -0.051641 0
-0.73466 0.41012 0
0.17494 0.76612 0
1.058 -0.78283 1
-0.70678 1.0654 0
0.53289 1.4766 1
-0.87192 0.87074 0
-0.90975 -1.0502 1
1.2673 -0.048741 1
0.24117 -0.93736 1
1.3363 0.62194 1
0.056257 1.4854 1
1.0542 -1.1506 1
0.69261 1.4426 1
-0.71784 1.1785 0
-0.86291 0.9791 0
-1.0461 -0.86197 1
0.50452 -0.64845 1
-0.31972 0.032118 0
-0.9923 -0.743 1
1.3442 -0.50971 1
0.225 -1.2944 1
1.3258 0.9717 1
-0.29658 -1.2422 1
-0.19517 0.087623 0
-0.41924 -0.14315 0
1.4084 0.51109 1
-1.3832 -0.92692 1
1.3141 -0.42419 1
0.40287 -0.082463 0
0.86961 -0.5493 1
0.56701 -1.2879 1
0.6802 -1.365 1
-0.56203 -0.095686 0
0.25145 1.2203 1
0.76614 0.43284 0
1.0442 -0.29058 1
-1.3536 1.2628 1
-0.62249 -0.23989 0
0.35079 0.7607 0
-0.28965 0.56885 0
1.1946 -0.15585 1
0.64078 -0.79627 1
1.0757 1.4296 1
-0.2609 -0.31035 0
-0.70205 -0.64825 1
0.591 -0.3474 0
0.68697 -1.001 1
1.0258 0.13947 0
-1.2554 -0.017671 1
0.35625 -0.007244 0
1.0212 -0.92746 1
0.027798 1.4905 1
0.27126 -1.4673 1
0.62002 1.2789 1
-0.92674 -0.7331 1
-0.89967 0.37497 0
0.4582 -1.3024 1
0.99567 0.27335 0
-0.007343 0.95198 0
-1.131 1.41 1
-0.20134 -0.93743 1
0.51882 0.95393 0
0.75825 1.2135 1
0.99356 -0.097383 1
-1.2202 -0.64322 1
1.3751 0.37033 1
-0.73076 1.0212 0
-0.23211 -1.4003 1
1.2209 1.3414 1
-0.19432 -1.2164 1
-0.4177 1.0818 0
0.1262 0.50291 0
-0.56904 -0.5628 1
0.46878 1.4758 1
0.12486 -1.0994 1
-1.1111 1.0185 1
0.20662 0.21938 0
0.083902 -0.60105 0
0.74649 -0.85652 1
0.38573 1.1346 0
0.33541 1.4342 1
-0.54492 1.4657 1
-0.38723 1.1201 0
0.48318 0.40663 0
-1.3764 0.54342 1
-0.42381 0.65135 0
0.33265 -1.0626 1
0.91695 -1.3094 1
-1.2812 0.31084 1
-0.14778 0.9677 0
-1.3856 0.83916 1
0.50527 -1.0255 1
0.23187 1.2271 1
0.041422 0.84164 0
1.4506 -1.2765 1
0.3474 -1.4439 1
0.81988 -1.4349 1
0.32184 -0.53414 0
-1.2247 0.60618 1
-0.72364 -1.4481 1
1.3535 -0.1349 1
-0.85387 1.1893 1
-1.4571 -1.3527 1
-1.0457 0.91066 0
-0.096052 -1.2604 1
0.28841 -0.032521 0
0.25748 0.55028 0
0.84072 0.87562 0
-1.1469 -0.51693 1
0.59242 1.1435 0
1.3569 -0.29131 1
0.8626 0.049197 0
-1.2236 -0.92463 1
-1.1572 -0.61101 1
-0.91832 1.1397 1
-0.53878 1.188 0
-0.63103 1.196 0
0.7217 -1.2832 1
-0.30877 1.2883 1
0.85743 -1.0612 1
-0.24694 -0.033757 0
-0.004355 -0.87349 0
0.37641 -0.51444 0
0.74994 -0.93998 1
-0.25223 -1.3974 1
0.68723 0.69906 0
0.54595 0.17632 0
0.38064 0.60569 0
1.027 -1.4448 1
1.1996 1.236 1
1.2974 0.88951 1
-0.32825 -1.4652 1
0.99607 0.61588 0
-1.3469 -1.4616 1
-0.27237 0.55946 0
-1.0171 1.0333 1
0.48382 -0.98339 1
0.009838 1.0635 1
1.2898 -1.1471 1
0.19051 0.51636 0
-0.8898 -0.094806 0
0.17273 -0.9525 1
-0.72468 -0.40959 1
1.154 -0.56886 1
-0.38881 -0.2125 0
0.59037 1.2854 1
0.53962 1.0426 0
1.4674 -1.3815 1
-0.91893 -0.91244 1
-0.16129 -1.2871 1
0.31447 0.55018 0
-0.2235 1.4873 1
-0.57353 1.1372 0
-1.2981 -1.2233 1
0.7467 1.2331 1
-0.75672 -0.94973 1
1.1344 -1.3748 1
-0.17404 0.094103 0
0.17945 0.13764 0
1.0623 -1.2231 1
-0.4517 -1.005 1
1.1357 0.35923 1
-1.1371 -1.1716 1
-0.95282 0.75902 0
0.66188 -0.91091 1
-0.7274 0.70649 0
0.21747 0.12713 0
0.12589 0.52412 0
-0.24287 -1.3208 1
0.72924 0.72992 0
0.47348 0.84836 0
-1.2307 1.0458 1
